Version 0.9.7
8
 4 -2 425 77 128 0 1
 5 80 400 206 81 2 2
 0 75 265 877 276 8 5
 1 94 537 206 81 149 8
 0 71 -7 877 276 159 10
 3 1018 22 203 58 291 11
 0 947 264 877 276 300 12
 6 975 112 449 130 436 13
 0
223
 255 5 59 439 59 439 64 439 64 279 128 279 128 279 0 1 0 5
 255 5 59 452 59 452 59 507 128 507 128 513 128 513 0 1 0 5
 0 5 59 538 59 538 128 538 128 538 128 526 128 526 0 1 0 5
 0 5 59 525 59 525 63 525 63 292 128 292 128 292 0 1 0 5
 65793 5 59 512 59 512 59 606 59 606 109 606 109 606 0 1 0 8
 255 5 59 465 59 465 59 548 59 548 109 548 109 548 0 1 0 8
 8453888 5 150 548 150 548 150 474 150 474 102 474 102 474 0 8 0 5
 8453888 5 102 422 102 422 102 422 102 383 102 383 102 383 0 5 0 5
 16744448 5 169 548 169 548 169 474 169 474 115 474 115 474 0 8 0 5
 16744448 5 115 422 115 422 115 422 115 383 115 383 115 383 0 5 0 5
 65535 5 188 548 188 548 128 548 128 548 128 474 128 474 0 8 0 5
 65535 5 128 422 128 422 128 422 128 383 128 383 128 383 0 5 0 5
 16744703 5 207 548 207 548 207 474 207 474 141 474 141 474 0 8 0 5
 16744703 5 141 422 141 422 141 422 141 383 141 383 141 383 0 5 0 5
 16711680 5 180 435 180 435 180 435 193 435 193 435 193 435 0 5 0 5
 16711680 5 219 435 219 435 219 435 232 435 232 435 232 435 0 5 0 5
 16711680 5 245 370 245 370 245 370 232 370 232 370 232 370 0 5 0 5
 16711680 5 193 370 193 370 193 370 206 370 206 370 206 370 0 5 0 5
 255 5 167 331 167 331 167 331 167 279 167 279 167 279 0 5 0 5
 255 5 297 331 297 331 297 331 297 279 297 279 297 279 0 5 0 5
 255 5 427 331 427 331 427 331 427 331 427 279 427 279 0 5 0 5
 255 5 557 331 557 331 557 331 557 279 557 279 557 279 0 5 0 5
 255 5 687 331 687 331 687 331 687 279 687 279 687 279 0 5 0 5
 255 5 817 331 817 332 816 332 817 279 817 279 817 279 0 5 0 5
 0 5 245 474 245 474 245 474 245 526 245 526 245 526 0 5 0 5
 0 5 375 526 375 526 375 526 375 474 375 474 375 474 0 5 0 5
 0 5 505 526 505 526 505 526 505 474 505 474 505 474 0 5 0 5
 0 5 635 526 635 526 635 526 635 474 635 474 635 474 0 5 0 5
 0 5 765 526 765 526 765 526 765 474 765 474 765 474 0 5 0 5
 0 5 895 526 895 526 895 526 895 474 895 474 895 474 0 5 0 5
 16711680 5 180 448 180 448 180 448 102 448 102 448 102 448 0 5 0 5
 16711680 5 219 461 219 461 219 461 115 461 115 461 115 461 0 5 0 5
 16711680 5 245 331 245 331 245 330 128 330 128 331 128 331 0 5 0 5
 16711680 5 141 344 141 344 141 344 193 344 193 344 193 344 0 5 0 5
 16711935 5 349 435 349 435 349 436 362 436 362 435 362 435 0 5 0 5
 16711935 5 349 448 349 448 349 448 297 448 297 448 297 448 0 5 0 5
 16711935 5 310 435 310 435 310 434 102 434 102 435 102 435 0 5 0 5
 16711935 5 323 435 323 435 323 434 115 434 115 435 115 435 0 5 0 5
 16711935 5 336 435 336 435 336 435 336 435 388 435 388 435 0 5 0 5
 16711935 5 388 422 388 422 388 422 388 383 388 383 388 383 0 5 0 5
 16711935 5 388 370 388 370 388 370 375 370 375 370 375 370 0 5 0 5
 16711935 5 349 370 349 370 349 370 336 370 336 370 336 370 0 5 0 5
 8421376 5 453 435 453 435 453 435 453 435 440 435 440 435 0 5 0 5
 8421376 5 440 448 440 448 440 448 414 448 414 448 414 448 0 5 0 5
 8421376 5 414 422 414 422 414 422 414 383 414 383 414 383 0 5 0 5
 8421376 5 414 331 414 331 414 331 310 331 310 331 310 331 0 5 0 5
 16711808 5 739 344 739 344 739 342 323 342 323 344 323 344 0 5 0 5
 8421376 5 427 435 427 435 427 434 479 434 479 435 479 435 0 5 0 5
 8421376 5 505 370 505 370 505 370 492 370 492 370 492 370 0 5 0 5
 8421376 5 505 357 505 357 505 357 518 357 518 357 518 357 0 5 0 5
 8421376 5 518 383 518 383 518 383 518 422 518 422 518 422 0 5 0 5
 8421376 5 518 474 518 474 518 474 518 474 466 474 466 474 0 5 0 5
 8421376 5 492 435 492 435 492 436 531 436 531 435 531 435 0 5 0 5
 8421376 5 531 422 531 422 531 422 531 383 531 383 531 383 0 5 0 5
 8421376 5 440 331 440 331 440 331 440 331 531 331 531 331 0 5 0 5
 8421376 5 466 370 466 370 466 370 453 370 453 370 453 370 0 5 0 5
 32896 5 826 98 826 98 826 98 800 98 800 98 800 98 0 10 0 10
 32896 5 800 111 800 111 800 111 800 150 800 150 800 150 0 10 0 10
 32896 5 800 202 800 202 800 330 526 330 526 357 466 357 0 10 0 5
 65535 5 622 435 622 435 622 435 609 435 609 435 609 435 0 5 0 5
 65535 5 609 448 609 448 609 449 557 449 557 448 557 448 0 5 0 5
 65535 5 570 435 570 435 570 436 128 436 128 435 128 435 0 5 0 5
 65535 5 583 435 583 435 583 436 141 436 141 435 141 435 0 5 0 5
 65535 5 362 357 362 357 362 353 544 353 544 357 544 357 0 5 0 5
 65535 5 544 383 544 383 544 383 544 422 544 422 544 422 0 5 0 5
 65535 5 544 435 544 435 544 434 596 434 596 435 596 435 0 5 0 5
 65535 5 635 370 635 370 635 374 102 374 102 370 102 370 0 5 0 5
 65535 5 206 474 206 474 206 466 648 466 648 474 648 474 0 5 0 5
 65535 5 648 422 648 422 648 422 648 383 648 383 648 383 0 5 0 5
 65535 5 648 357 648 357 648 357 622 357 622 357 622 357 0 5 0 5
 65535 5 583 357 583 357 583 357 596 357 596 357 596 357 0 5 0 5
 65535 5 609 344 609 344 609 344 596 344 596 344 596 344 0 5 0 5
 65535 5 570 331 570 331 570 328 765 328 765 331 765 331 0 5 0 5
 33023 5 752 435 752 435 752 435 752 435 739 435 739 435 0 5 0 5
 33023 5 739 448 739 448 739 448 739 448 687 448 687 448 0 5 0 5
 33023 5 700 461 700 461 700 462 128 462 128 461 128 461 0 5 0 5
 33023 5 180 331 180 331 180 330 674 330 674 331 674 331 0 5 0 5
 33023 5 674 383 674 383 674 383 674 422 674 422 674 422 0 5 0 5
 33023 5 674 435 674 435 674 435 713 435 713 435 713 435 0 5 0 5
 33023 5 726 435 726 435 726 436 778 436 778 435 778 435 0 5 0 5
 33023 5 778 422 778 422 778 422 778 383 778 383 778 383 0 5 0 5
 33023 5 778 357 778 357 778 357 752 357 752 357 752 357 0 5 0 5
 33023 5 726 357 726 357 726 357 726 357 661 357 661 357 0 5 0 5
 33023 5 661 383 661 383 661 383 661 422 661 422 661 422 0 5 0 5
 33023 5 661 435 661 435 661 437 167 437 167 435 167 435 0 5 0 5
 33023 5 713 370 713 370 713 365 791 365 791 370 791 370 0 5 0 5
 33023 5 791 383 791 383 791 383 791 422 791 422 791 422 0 5 0 5
 33023 5 830 435 830 435 830 435 843 435 843 435 843 435 0 5 0 5
 33023 5 830 448 830 448 830 448 804 448 804 448 804 448 0 5 0 5
 33023 5 804 422 804 422 804 422 804 383 804 383 804 383 0 5 0 5
 33023 5 804 331 804 331 804 330 700 330 700 331 700 331 0 5 0 5
 4194368 5 869 435 869 435 869 436 817 436 817 435 817 435 0 5 0 5
 4194368 5 856 435 856 435 856 436 921 436 921 435 921 435 0 5 0 5
 4194368 5 921 383 921 383 921 383 921 422 921 422 921 422 0 5 0 5
 4194368 5 921 331 921 331 921 202 921 202 917 202 917 202 0 5 0 10
 4194368 5 917 150 917 150 917 150 917 111 917 111 917 111 0 10 0 10
 4194368 5 852 59 852 59 852 59 917 59 917 59 917 59 0 10 0 10
 4194368 5 219 331 219 331 219 333 895 333 895 331 895 331 0 5 0 5
 4194368 5 882 344 882 344 882 340 180 340 180 344 180 344 0 5 0 5
 4194368 5 856 370 856 370 856 370 843 370 843 370 843 370 0 5 0 5
 4194368 5 856 357 856 357 856 357 869 357 869 357 869 357 0 5 0 5
 4194368 5 830 331 830 331 830 330 908 330 908 331 908 331 0 5 0 5
 4194368 5 908 383 908 383 908 383 908 422 908 422 908 422 0 5 0 5
 4194368 5 908 448 908 448 908 448 882 448 882 448 882 448 0 5 0 5
 16744703 5 878 163 878 163 878 163 865 163 865 163 865 163 0 10 0 10
 16744703 5 813 176 813 176 813 176 865 176 865 176 865 176 0 10 0 10
 16744703 5 852 163 852 163 852 164 904 164 904 163 904 163 0 10 0 10
 16744703 5 904 150 904 150 904 150 904 111 904 111 904 111 0 10 0 10
 16744703 5 904 98 904 98 904 98 891 98 891 98 891 98 0 10 0 10
 16744703 5 878 85 878 85 878 84 787 84 787 85 787 85 0 10 0 10
 16744703 5 787 111 787 111 787 111 787 150 787 150 787 150 0 10 0 10
 16744703 5 722 163 722 163 722 163 787 163 787 163 787 163 0 10 0 10
 16744703 5 865 98 865 98 865 98 839 98 839 98 839 98 0 10 0 10
 16711680 5 748 176 748 176 748 176 735 176 735 176 735 176 0 10 0 10
 16711680 5 735 202 735 202 735 202 735 202 683 202 683 202 0 10 0 10
 16744703 5 115 331 115 331 115 319 839 319 839 163 839 163 0 5 0 10
 16711680 5 709 163 709 163 709 350 141 350 141 357 141 357 0 10 0 5
 65793 5 891 202 891 202 891 202 891 241 891 241 891 241 0 10 0 10
 65793 5 761 202 761 202 761 202 761 202 761 241 761 241 0 10 0 10
 65793 5 150 241 150 241 154 241 154 241 154 292 154 292 0 10 0 5
 255 5 141 279 141 279 141 254 141 254 137 254 137 254 0 5 0 10
 255 5 124 254 124 254 72 254 72 20 124 20 124 20 0 10 0 10
 255 5 683 59 683 59 683 59 683 20 683 20 683 20 0 10 0 10
 255 5 813 59 813 59 813 59 813 20 813 20 813 20 0 10 0 10
 65793 5 1029 59 1029 75 968 75 968 241 878 241 878 241 0 11 0 10
 4227327 5 791 474 791 474 791 467 206 467 206 448 206 448 0 5 0 5
 16744703 5 167 474 167 474 826 474 826 474 826 202 826 202 0 5 0 10
 16711680 5 696 202 696 202 696 344 696 344 219 344 219 344 0 10 0 5
 16711680 5 761 98 761 98 761 344 213 344 213 448 167 448 0 10 0 5
 16711680 5 748 98 748 98 748 344 748 344 128 344 128 344 0 10 0 5
 16711680 5 735 98 735 98 735 92 722 92 722 98 722 98 0 10 0 10
 16711680 5 488 163 488 163 488 163 540 163 540 163 540 163 0 10 0 10
 16711680 5 540 150 540 150 540 150 540 111 540 111 540 111 0 10 0 10
 16711680 5 709 59 709 59 709 47 540 47 540 59 540 59 0 10 0 10
 8421631 5 579 163 579 163 579 164 592 164 592 163 592 163 0 10 0 10
 8421631 5 592 176 592 176 592 176 670 176 670 176 670 176 0 10 0 10
 8421631 5 670 150 670 150 670 150 670 111 670 111 670 111 0 10 0 10
 8421631 5 618 163 618 163 618 163 566 163 566 163 566 163 0 10 0 10
 8421631 5 605 202 605 202 605 197 657 197 657 202 657 202 0 10 0 10
 8421631 5 657 150 657 150 657 150 657 111 657 111 657 111 0 10 0 10
 8421631 5 657 85 657 85 657 85 644 85 644 85 644 85 0 10 0 10
 8421631 5 644 98 644 98 644 96 631 96 631 98 631 98 0 10 0 10
 8421631 5 631 202 631 202 631 204 332 204 332 202 332 202 0 10 0 10
 16711680 5 696 72 696 67 779 67 779 189 592 189 592 189 0 10 0 10
 8421631 5 605 98 840 98 840 440 206 440 206 435 206 435 0 10 0 5
 8421631 5 592 98 835 98 835 341 128 341 128 357 128 357 0 10 0 5
 8421631 5 579 72 579 72 579 72 553 72 553 72 553 72 0 10 0 10
 8421631 5 553 111 553 111 553 111 553 150 553 150 553 150 0 10 0 10
 8421631 5 462 176 462 176 462 176 475 176 475 176 475 176 0 10 0 10
 8421631 5 475 189 475 189 475 195 553 195 553 189 553 189 0 10 0 10
 4259584 5 501 176 501 176 501 175 449 175 449 176 449 176 0 10 0 10
 4259584 5 514 176 514 223 189 223 189 370 141 370 141 370 0 10 0 5
 4259584 5 527 98 527 98 572 98 572 461 167 461 167 461 0 10 0 5
 4259584 5 514 98 514 98 569 98 569 461 206 461 206 461 0 10 0 5
 4259584 5 488 98 488 98 488 98 475 98 475 98 475 98 0 10 0 10
 4259584 5 501 85 501 85 501 85 488 85 488 85 488 85 0 10 0 10
 4259584 5 462 59 462 59 462 62 436 62 436 59 436 59 0 10 0 10
 4259584 5 436 111 436 111 436 111 436 150 436 150 436 150 0 10 0 10
 4259584 5 436 163 436 163 436 167 345 167 345 163 345 163 0 10 0 10
 4259584 5 358 176 601 176 601 336 141 336 141 331 141 331 0 10 0 5
 4259584 5 371 189 371 189 371 185 423 185 423 189 423 189 0 10 0 10
 4259584 5 423 150 423 150 423 150 423 111 423 111 423 111 0 10 0 10
 4259584 5 423 98 423 98 423 98 410 98 410 98 410 98 0 10 0 10
 4259584 5 384 189 384 189 601 189 601 331 102 331 102 331 0 10 0 5
 4259584 5 397 189 397 189 603 189 603 373 219 373 219 370 0 10 0 5
 4259584 5 397 85 397 85 397 84 267 84 267 85 267 85 0 10 0 10
 4259584 5 371 98 371 98 371 98 358 98 358 98 358 98 0 10 0 10
 4259584 5 384 85 384 85 384 85 371 85 371 85 371 85 0 10 0 10
 4259584 5 176 59 176 59 176 48 345 48 345 59 345 59 0 10 0 10
 16776960 5 267 163 267 163 267 163 280 163 280 163 280 163 0 10 0 10
 16776960 5 267 176 267 176 267 176 215 176 215 176 215 176 0 10 0 10
 16776960 5 228 163 228 163 340 163 340 344 115 344 115 344 0 10 0 5
 16776960 5 241 163 241 163 348 163 348 357 219 357 219 357 0 10 0 5
 16776960 5 254 163 254 163 254 163 306 163 306 163 306 163 0 10 0 10
 16776960 5 306 150 306 150 306 150 306 111 306 111 306 111 0 10 0 10
 16776960 5 306 98 306 98 306 98 293 98 293 98 293 98 0 10 0 10
 16776960 5 280 98 280 98 342 98 342 357 180 357 180 357 0 10 0 5
 16776960 5 254 98 254 98 340 98 340 344 102 344 102 344 0 10 0 5
 16776960 5 241 98 241 98 345 98 345 357 115 357 115 357 0 10 0 5
 16776960 5 111 163 111 163 111 163 124 163 124 163 124 163 0 10 0 10
 16776960 5 124 176 124 176 124 176 189 176 189 176 189 176 0 10 0 10
 16776960 5 189 111 189 111 189 111 189 150 189 150 189 150 0 10 0 10
 16776960 5 228 98 228 98 228 98 189 98 189 98 189 98 0 10 0 10
 128 5 98 202 98 202 98 202 150 202 150 202 150 202 0 10 0 10
 128 5 163 163 163 163 180 163 180 163 180 370 180 370 0 10 0 5
 128 5 137 163 137 163 137 163 202 163 202 163 202 163 0 10 0 10
 128 5 202 150 202 150 202 150 202 111 202 111 202 111 0 10 0 10
 128 5 202 85 202 85 202 85 163 85 163 85 163 85 0 10 0 10
 128 5 137 98 137 98 137 98 124 98 124 98 124 98 0 10 0 10
 128 5 150 85 150 85 150 85 137 85 137 85 137 85 0 10 0 10
 255 5 98 59 98 59 96 59 96 20 137 20 137 20 0 10 0 10
 255 5 215 59 215 59 215 59 215 20 215 20 215 20 0 10 0 10
 255 5 332 59 332 59 332 59 332 20 332 20 332 20 0 10 0 10
 255 5 449 59 449 59 449 59 449 20 449 20 449 20 0 10 0 10
 255 5 566 59 566 59 566 59 566 20 566 20 566 20 0 10 0 10
 0 5 176 202 176 202 176 202 176 241 176 241 176 241 0 10 0 10
 0 5 293 202 293 202 293 202 293 241 293 241 293 241 0 10 0 10
 0 5 410 202 410 202 410 202 410 241 410 241 410 241 0 10 0 10
 0 5 527 202 527 202 527 202 527 241 527 241 527 241 0 10 0 10
 0 5 644 202 644 202 644 202 644 241 644 241 644 241 0 10 0 10
 65793 5 1000 525 1000 525 882 525 882 525 882 526 882 526 0 12 0 5
 255 5 1000 512 1000 512 895 512 895 512 895 513 895 513 0 12 0 5
 65535 5 1064 66 1064 66 1064 81 618 81 618 59 618 59 0 11 0 10
 65793 5 895 292 895 292 895 291 895 291 1000 291 1000 291 0 5 0 12
 65793 5 1065 473 1065 473 1065 473 1065 525 1065 525 1065 525 0 12 0 12
 255 5 1000 278 1000 278 895 278 895 278 895 279 895 279 0 12 0 5
 0 5 1299 525 1299 525 1299 525 1299 473 1299 473 1299 473 0 12 0 12
 0 5 1182 525 1182 525 1182 525 1182 473 1182 473 1182 473 0 12 0 12
 255 5 974 330 974 330 974 278 974 278 1013 278 1013 278 0 12 0 12
 255 5 1091 330 1091 330 1091 330 1091 278 1091 278 1091 278 0 12 0 12
 255 5 1208 330 1208 330 1208 330 1208 278 1208 278 1208 278 0 12 0 12
 255 5 1325 330 1325 330 1325 330 1325 278 1325 278 1325 278 0 12 0 12
 65535 5 1013 343 1013 343 1012 343 1012 343 1012 235 1012 235 0 12 0 13
 65535 5 1025 235 1025 235 1025 343 1025 343 1026 343 1026 343 0 13 0 12
 65535 5 1038 235 1038 235 1038 343 1038 343 1039 343 1039 343 0 13 0 12
 65535 5 1051 235 1051 235 1051 343 1051 343 1052 343 1052 343 0 13 0 12
 65535 5 1064 235 1064 235 1064 343 1064 343 1065 343 1065 343 0 13 0 12
 65535 5 1077 235 1077 235 1077 343 1077 343 1078 343 1078 343 0 13 0 12
 65535 5 1078 356 1078 356 1078 356 987 356 987 356 987 356 0 12 0 12
 255 5 991 139 991 139 978 139 978 279 882 279 882 279 0 13 0 5
 0 5 1403 473 1403 473 1403 473 1403 525 1403 525 1403 525 0 12 0 12
 16744576 5 479 370 479 370 967 370 967 89 1084 89 1084 66 0 5 0 11
 16512 5 111 98 111 98 1104 98 1104 98 1104 66 1104 66 0 10 0 11
17
 7002 1 14 161 383 5 0 8583336 23915200 5
 7002 1 14 291 383 5 0 8583336 23915200 5
 7002 1 14 421 383 5 0 8583336 23915200 5
 7002 1 14 551 383 5 0 8583336 23915200 5
 7002 1 14 681 383 5 0 8583336 23915200 5
 7002 1 14 811 383 5 0 8583336 23915200 5
 7002 1 14 807 111 5 0 8583336 23915200 10
 7002 1 14 677 111 5 0 8583336 23915200 10
 7002 1 14 560 111 5 0 8583336 23915200 10
 7002 1 14 443 111 5 0 8583336 23915200 10
 7002 1 14 326 111 5 0 8583336 23915200 10
 7002 1 14 209 111 5 0 8583336 23915200 10
 7002 1 14 92 111 5 0 8583336 23915200 10
 7047 1 16 1202 382 5 0 8583336 22062592 12
 7047 1 16 968 382 5 0 8583336 22062592 12
 7047 1 16 1085 382 5 0 8583336 22062592 12
 7004 1 14 1319 382 5 0 8583336 22062592 12
