Version 0.9.7
9
 4 34 98 77 128 0 1
 5 80 400 206 81 2 2
 0 349 38 877 276 8 3
 1 112 341 206 81 140 5
 0 338 361 877 276 150 7
 3 1891 263 203 58 282 8
 6 1756 66 449 130 291 9
 6 1068 146 449 130 494 11
 3 1102 43 203 58 625 12
 0
139
 255 5 95 112 95 112 119 112 119 52 402 52 402 52 0 1 0 3
 0 5 95 172 95 172 128 172 128 65 402 65 402 65 0 1 0 3
 0 5 95 211 95 211 117 211 117 286 402 286 402 286 0 1 0 3
 255 5 95 125 95 125 119 125 119 299 402 299 402 299 0 1 0 3
 255 5 95 151 95 151 127 151 127 151 127 352 127 352 0 1 0 5
 0 5 95 198 95 198 102 198 102 410 127 410 127 410 0 1 0 5
 4194368 5 168 352 168 352 376 352 376 352 376 247 376 247 0 5 0 3
 16711935 5 187 352 187 352 420 352 420 247 389 247 389 247 0 5 0 3
 16744448 5 206 352 206 352 402 352 402 352 402 247 402 247 0 5 0 3
 65535 5 225 352 225 352 225 335 415 335 415 247 415 247 0 5 0 3
 65535 5 402 234 402 234 402 241 480 241 480 234 480 234 0 3 0 3
 12615808 5 389 234 389 234 389 240 454 240 454 234 454 234 0 3 0 3
 65408 5 415 234 415 234 415 241 506 241 506 234 506 234 0 3 0 3
 4194432 5 376 195 376 195 376 195 376 156 376 156 376 156 0 3 0 3
 16711935 5 389 195 389 195 389 195 389 156 389 156 389 156 0 3 0 3
 16744448 5 402 195 402 195 402 195 402 156 402 156 402 156 0 3 0 3
 65535 5 415 156 415 156 415 156 415 195 415 195 415 195 0 3 0 3
 65535 5 376 143 376 143 376 145 493 145 493 143 493 143 0 3 0 3
 65535 5 467 247 467 247 467 270 649 270 649 247 649 247 0 3 0 3
 16776960 5 493 247 493 247 493 257 662 257 662 247 662 247 0 3 0 3
 255 5 454 104 454 104 454 104 454 52 454 52 454 52 0 3 0 3
 255 5 649 104 649 104 649 104 649 52 649 52 649 52 0 3 0 3
 0 5 727 247 727 247 727 247 727 286 727 286 727 286 0 3 0 3
 0 5 532 247 532 247 532 247 532 286 532 286 532 286 0 3 0 3
 4259584 5 467 234 467 234 467 227 688 227 688 234 688 234 0 3 0 3
 12615680 5 480 247 480 247 480 263 701 263 701 247 701 247 0 3 0 3
 12615680 5 675 208 675 208 675 213 636 213 636 208 636 208 0 3 0 3
 12615680 5 636 195 636 195 636 195 636 156 636 156 636 156 0 3 0 3
 12615680 5 636 143 636 143 636 137 662 137 662 143 662 143 0 3 0 3
 12615680 5 714 208 714 208 714 214 623 214 623 208 623 208 0 3 0 3
 12615680 5 623 195 623 195 623 195 623 156 623 156 623 156 0 3 0 3
 12615680 5 623 143 623 143 623 137 467 137 467 143 467 143 0 3 0 3
 4259584 5 480 130 480 130 480 124 701 124 701 130 701 130 0 3 0 3
 4259584 5 714 143 714 143 714 150 610 150 610 143 610 143 0 3 0 3
 4259584 5 610 156 610 156 610 156 610 195 610 195 610 195 0 3 0 3
 4259584 5 610 208 610 208 610 202 519 202 519 208 519 208 0 3 0 3
 33023 5 727 143 727 143 727 136 675 136 675 143 675 143 0 3 0 3
 65535 5 168 365 168 365 168 336 365 336 365 427 365 427 0 5 0 7
 16744448 5 187 365 187 365 187 342 378 342 378 427 378 427 0 5 0 7
 16711935 5 206 365 206 365 206 349 418 349 418 427 391 427 0 5 0 7
 4259584 5 225 378 225 378 225 349 404 349 404 427 404 427 0 5 0 7
 255 5 95 138 95 138 104 138 104 317 391 317 391 388 0 1 0 7
 65280 5 404 479 404 479 404 479 404 518 404 518 404 518 0 7 0 7
 65535 5 365 479 365 479 365 479 365 518 365 518 365 518 0 7 0 7
 12615680 5 378 479 378 479 378 479 378 518 378 518 378 518 0 7 0 7
 16711935 5 391 479 391 479 391 479 391 518 391 518 391 518 0 7 0 7
 65535 5 365 531 365 531 365 539 443 539 443 531 443 531 0 7 0 7
 65535 5 467 221 467 221 467 222 740 222 740 221 740 221 0 3 0 3
 65535 5 740 247 740 247 740 321 989 321 989 427 989 427 0 3 0 7
 65408 5 493 208 493 208 493 216 753 216 753 208 753 208 0 3 0 3
 65408 5 753 247 753 247 753 324 1002 324 1002 427 1002 427 0 3 0 7
 16776960 5 519 234 519 234 519 234 766 234 766 234 766 234 0 3 0 3
 16776960 5 766 247 766 247 766 319 1015 319 1015 427 1015 427 0 3 0 7
 16776960 5 506 143 506 143 779 143 779 143 779 234 779 234 0 3 0 3
 65280 5 779 247 779 247 779 318 1028 318 1028 427 1028 427 0 3 0 7
 65280 5 989 479 989 479 989 479 989 518 989 518 989 518 0 7 0 7
 65280 5 1002 479 1002 479 1002 479 1002 518 1002 518 1002 518 0 7 0 7
 65280 5 1015 479 1015 479 1015 479 1015 518 1015 518 1015 518 0 7 0 7
 65280 5 1028 479 1028 479 1028 479 1028 518 1028 518 1028 518 0 7 0 7
 65280 5 469 531 469 531 469 538 430 538 430 531 430 531 0 7 0 7
 65280 5 430 518 430 518 430 518 430 479 430 479 430 479 0 7 0 7
 65280 5 430 466 430 466 430 431 508 431 508 466 508 466 0 7 0 7
 16776960 5 1028 570 1028 570 1028 591 482 591 482 570 482 570 0 7 0 7
 33023 5 495 570 495 570 495 565 378 565 378 570 378 570 0 7 0 7
 33023 5 508 531 508 531 508 525 534 525 534 531 534 531 0 7 0 7
 33023 5 534 518 534 518 534 518 534 479 534 479 534 479 0 7 0 7
 33023 5 534 466 534 466 534 466 533 481 469 481 469 466 0 7 0 7
 33023 5 521 466 521 466 521 466 517 448 950 448 950 466 0 7 0 7
 8388863 5 495 466 495 466 495 449 1002 449 1002 466 1002 466 0 7 0 7
 8388863 5 547 479 547 479 547 479 547 518 547 518 547 518 0 7 0 7
 8388863 5 547 531 547 531 547 531 586 531 586 531 586 531 0 7 0 7
 65535 5 456 453 456 453 456 447 1002 447 1002 453 1002 453 0 7 0 7
 65535 5 599 570 599 570 599 582 1015 582 1015 570 1015 570 0 7 0 7
 65535 5 612 531 612 531 612 599 924 599 924 531 924 531 0 7 0 7
 65535 5 625 570 625 570 625 590 1035 590 1035 557 1028 557 0 7 0 7
 65535 5 989 570 989 570 989 579 638 579 638 570 638 570 0 7 0 7
 16744448 5 651 531 651 531 651 523 677 523 677 531 677 531 0 7 0 7
 16744448 5 677 518 677 518 677 518 677 479 677 479 677 479 0 7 0 7
 16744448 5 677 466 677 466 677 464 612 464 612 466 612 466 0 7 0 7
 16744448 5 664 466 664 466 664 449 599 449 599 466 599 466 0 7 0 7
 16744448 5 651 466 651 466 651 472 391 472 391 466 391 466 0 7 0 7
 16744448 5 638 466 638 466 638 442 404 442 404 466 404 466 0 7 0 7
 16744448 5 625 427 625 427 625 407 872 407 872 427 872 427 0 7 0 7
 16744448 5 872 479 872 479 872 479 872 518 872 518 872 518 0 7 0 7
 16744448 5 872 531 872 531 872 524 885 524 885 531 885 531 0 7 0 7
 16744448 5 729 557 729 557 729 562 989 562 989 557 989 557 0 7 0 7
 16744448 5 742 570 742 570 742 591 365 591 365 570 365 570 0 7 0 7
 16744448 5 755 531 755 531 755 523 716 523 716 531 716 531 0 7 0 7
 16744448 5 768 570 768 570 768 587 391 587 391 570 391 570 0 7 0 7
 65408 5 781 531 781 531 781 553 1015 553 1015 531 1015 531 0 7 0 7
 65408 5 794 531 794 531 794 531 820 531 820 531 820 531 0 7 0 7
 65408 5 820 518 820 518 820 518 820 479 820 479 820 479 0 7 0 7
 65408 5 820 466 820 466 820 472 781 472 781 466 781 466 0 7 0 7
 65408 5 807 466 807 466 807 457 859 457 859 466 859 466 0 7 0 7
 65408 5 859 479 859 479 859 479 859 518 859 518 859 518 0 7 0 7
 65408 5 859 531 859 531 859 537 898 537 898 531 898 531 0 7 0 7
 65408 5 716 518 716 518 716 518 716 479 716 479 716 479 0 7 0 7
 65408 5 716 466 716 466 716 466 794 466 794 466 794 466 0 7 0 7
 65408 5 911 570 911 570 911 576 937 576 937 570 937 570 0 7 0 7
 65408 5 950 531 950 531 950 531 976 531 976 531 976 531 0 7 0 7
 65408 5 976 518 976 518 976 518 976 479 976 479 976 479 0 7 0 7
 65408 5 976 466 976 466 976 455 937 455 937 466 937 466 0 7 0 7
 33023 5 989 544 989 544 989 580 456 580 456 544 456 544 0 7 0 7
 255 5 443 427 443 427 443 427 443 388 443 388 443 388 0 7 0 7
 255 5 586 427 586 427 586 427 586 388 586 388 586 388 0 7 0 7
 255 5 729 427 729 427 729 427 729 388 729 388 729 388 0 7 0 7
 255 5 885 427 885 427 885 427 885 388 885 388 885 388 0 7 0 7
 0 5 521 570 521 570 521 570 521 609 521 609 521 609 0 7 0 7
 0 5 664 570 664 570 664 570 664 609 664 609 664 609 0 7 0 7
 0 5 807 570 807 570 807 570 807 609 807 609 807 609 0 7 0 7
 0 5 963 570 963 570 963 570 963 609 963 609 963 609 0 7 0 7
 0 5 95 185 95 185 95 609 95 609 391 609 391 609 0 1 0 7
 255 5 1158 388 1158 388 1232 388 1232 622 1158 622 1158 622 0 7 0 7
 16776960 5 688 117 688 117 1026 117 1026 117 1026 234 1026 234 0 3 0 3
 4259584 5 963 466 963 466 963 466 1041 466 1041 466 1041 466 0 7 0 7
 4259584 5 1041 479 1041 479 1041 479 1041 518 1041 518 1041 518 0 7 0 7
 4259584 5 1054 479 1054 479 1054 479 1054 518 1054 518 1054 518 0 7 0 7
 4259584 5 1054 427 1054 427 1054 247 1054 247 1026 247 1026 247 0 7 0 3
 255 5 1067 427 1067 427 1067 427 1067 388 1067 388 1067 388 0 7 0 7
 0 5 1080 570 1080 570 1080 570 1080 609 1080 609 1080 609 0 7 0 7
 0 5 1132 570 1132 570 1132 570 1132 609 1132 609 1132 609 0 7 0 7
 0 5 1158 570 1158 570 1158 570 1158 609 1158 609 1158 609 0 7 0 7
 255 5 1093 570 1093 570 1093 570 1093 622 1093 622 1093 622 0 7 0 7
 65408 5 1041 531 1041 531 1041 531 1067 531 1067 531 1067 531 0 7 0 7
 65408 5 1054 544 1054 544 1054 544 1145 544 1145 544 1145 544 0 7 0 7
 65408 5 1105 269 1105 269 1105 427 1105 427 1106 427 1106 427 0 11 0 7
 65408 5 1118 269 1118 269 1118 427 1118 427 1119 427 1119 427 0 11 0 7
 65408 5 1131 269 1131 269 1131 427 1131 427 1132 427 1132 427 0 11 0 7
 65408 5 1144 269 1144 269 1144 427 1144 427 1145 427 1145 427 0 11 0 7
 65408 5 1157 269 1157 269 1157 427 1157 427 1158 427 1158 427 0 11 0 7
 65408 5 1170 269 1170 269 1170 427 1170 427 1171 427 1171 427 0 11 0 7
 65408 5 1183 269 1183 269 1183 427 1183 427 1184 427 1184 427 0 11 0 7
 65408 5 1171 453 1171 453 1171 453 1080 453 1080 453 1080 453 0 7 0 7
 65408 5 1184 466 1184 466 1184 466 1093 466 1093 466 1093 466 0 7 0 7
 255 5 1052 52 1052 52 1052 173 1052 173 1084 173 1084 173 0 3 0 11
 0 5 1065 65 1065 65 1065 80 1065 80 1113 80 1113 80 0 3 0 12
 12615935 5 963 440 963 440 962 440 962 100 1268 100 1268 87 0 7 0 12
 12615935 5 688 130 688 130 1288 130 1288 130 1288 87 1288 87 0 3 0 12
 16711935 5 547 466 547 466 547 466 482 466 482 466 482 466 0 7 0 7
7
 7004 1 14 448 156 5 0 4214488 2006730976 3
 7000 1 14 643 156 5 0 4214488 2006730976 3
 7008 1 14 437 479 5 0 4214488 2006730976 7
 7008 1 14 580 479 5 0 4214488 2006730976 7
 7008 1 14 723 479 5 0 4214488 2006730976 7
 7032 1 14 879 479 5 0 4214488 2006730976 7
 7047 1 16 1061 479 5 0 4214488 2006730976 7
