Version 0.9.7
5
 4 10 175 77 128 0 1
 5 80 400 206 81 2 2
 0 110 110 877 276 8 3
 1 86 400 206 81 140 6
 3 575 40 203 58 150 8
 0
29
 255 5 163 137 163 137 71 137 71 137 71 189 71 189 0 3 0 1
 65793 5 71 249 71 249 91 249 91 124 163 124 163 124 0 1 0 3
 65793 5 101 469 101 469 71 469 71 469 71 288 71 288 0 6 0 1
 255 5 71 202 71 202 93 202 93 411 101 411 101 411 0 1 0 6
 255 5 930 137 930 137 930 137 930 358 930 358 930 358 0 3 0 3
 65793 5 917 124 917 124 917 124 917 371 917 371 917 371 0 3 0 3
 65793 5 586 77 586 77 586 124 586 124 592 124 592 124 0 8 0 3
 255 5 228 137 228 137 228 137 228 176 228 176 228 176 0 3 0 3
 255 5 332 137 332 137 332 137 332 176 332 176 332 176 0 3 0 3
 255 5 436 137 436 137 437 137 437 176 436 176 436 176 0 3 0 3
 16777088 5 137 280 137 280 149 280 149 411 142 411 142 411 0 3 0 6
 16776960 5 137 267 137 267 137 267 137 228 137 228 137 228 0 3 0 3
 12615935 5 161 411 161 411 171 411 171 280 163 280 163 280 0 6 0 3
 12615935 5 163 267 163 267 163 267 163 228 163 228 163 228 0 3 0 3
 65408 5 180 411 185 411 185 279 176 279 176 280 176 280 0 6 0 3
 65408 5 176 267 176 267 176 267 176 228 176 228 176 228 0 3 0 3
 8388736 5 137 293 137 293 137 293 228 293 228 293 228 293 0 3 0 3
 8388736 5 163 306 163 306 163 306 241 306 241 306 241 306 0 3 0 3
 8388736 5 254 306 254 306 254 305 371 305 371 306 371 306 0 3 0 3
 16711935 5 397 306 397 306 397 306 436 306 436 306 436 306 0 3 0 3
 16711935 5 449 280 449 280 449 280 358 280 358 280 358 280 0 3 0 3
 16711935 5 137 306 137 306 332 306 332 306 332 293 332 293 0 3 0 3
 16711935 5 345 293 345 293 163 293 163 293 163 319 163 319 0 3 0 3
 16711935 5 384 293 384 293 384 333 176 333 176 319 176 319 0 3 0 3
 65793 5 306 319 306 319 306 319 306 371 306 371 306 371 0 3 0 3
 65793 5 410 319 410 319 407 319 407 371 410 371 410 371 0 3 0 3
 65793 5 514 319 514 319 514 319 514 371 514 371 514 371 0 3 0 3
 65535 5 462 293 462 293 462 293 618 293 618 293 618 293 0 3 0 3
 65535 5 618 280 618 280 618 84 618 84 621 84 621 84 0 3 0 8
3
 7086 1 14 222 228 5 0 8583336 22760592 3
 7008 1 14 326 228 5 0 8583336 22760592 3
 7032 1 14 430 228 5 0 8583336 22760592 3
